A:38.031196266273646%
T:47.20584622942766%
C:6.233112257430607%
G:8.529845246868092%
A+T bias:85.2370424957013%
C+G bias:14.762957504298699%